2 0.664588 0.130789 0.032500 0.086888
2 0.655611 0.266831 0.163310 0.267803
2 0.799265 0.640046 0.187266 0.236476
2 0.538462 0.637197 0.265934 0.145286
2 0.764636 0.232643 0.280481 0.410275
2 0.300316 0.554577 0.136813 0.148146
2 0.252864 0.379359 0.038475 0.111121
2 0.256710 0.454863 0.157349 0.131053
2 0.246875 0.244039 0.182129 0.256407
0 0.440982 0.512551 0.589162 0.870366
1 0.315714 0.397174 0.107747 0.277780
1 0.677418 0.546739 0.114588 0.121076
1 0.464924 0.195606 0.277898 0.364668
7 0.529828 0.492757 0.803777 0.933066
2 0.815089 0.499016 0.222321 0.259268
2 0.392665 0.086625 0.054725 0.132471
2 0.505110 0.059565 0.047033 0.089748
2 0.587205 0.092334 0.038475 0.078352
