2 0.407402 0.444449 0.184202 0.170949
2 0.498520 0.643154 0.096543 0.135333
2 0.469459 0.774923 0.073883 0.113949
2 0.796986 0.486462 0.063050 0.141026
2 0.593582 0.551282 0.125106 0.062667
2 0.651693 0.722218 0.140869 0.168077
2 0.661543 0.606115 0.101454 0.035615
2 0.277385 0.494295 0.067961 0.170949
10 0.458129 0.436615 0.760443 0.864667
1 0.494583 0.618949 0.612677 0.443026
0 0.598502 0.351141 0.320124 0.363256
2 0.313830 0.633910 0.058121 0.125359
2 0.299060 0.240744 0.412730 0.452974
2 0.172482 0.539179 0.102447 0.146718
