1 0.595347 0.347677 0.297021 0.372565
10 0.476626 0.571217 0.565107 0.855297
1 0.344707 0.563123 0.204258 0.809926
2 0.241729 0.479703 0.081699 0.163606
2 0.334497 0.566366 0.129365 0.142546
2 0.245986 0.711338 0.081699 0.147398
2 0.557051 0.597955 0.065527 0.208959
2 0.518755 0.222138 0.150635 0.144164
2 0.377476 0.225381 0.106377 0.108532
2 0.339604 0.290985 0.098721 0.058327
2 0.279180 0.423820 0.059570 0.165223
2 0.377051 0.452974 0.078301 0.084238
2 0.556626 0.363875 0.059580 0.116636
2 0.480029 0.321766 0.056172 0.061561
2 0.722158 0.385743 0.040000 0.079368
2 0.362158 0.358206 0.036602 0.059944
0 0.554497 0.720251 0.324248 0.547528
