1 0.823361 0.235046 0.143870 0.145296
1 0.567667 0.821227 0.256407 0.135324
12 0.509264 0.484333 0.971509 0.886037
2 0.412389 0.866111 0.302000 0.139630
1 0.799856 0.741454 0.153843 0.198000
1 0.382477 0.699431 0.190880 0.159546
2 0.098292 0.558407 0.109694 0.148148
2 0.301282 0.200144 0.262102 0.032769
2 0.635324 0.200144 0.240741 0.123935
2 0.552708 0.335472 0.066954 0.172370
2 0.395278 0.296296 0.116852 0.111111
2 0.260685 0.352565 0.058407 0.066944
2 0.318380 0.522796 0.111111 0.168093
2 0.183759 0.678778 0.166667 0.092593
2 0.646019 0.442319 0.096852 0.195176
0 0.510681 0.471509 0.971509 0.868944
1 0.207977 0.480769 0.198009 0.186611
1 0.471514 0.438750 0.286324 0.205130
1 0.737181 0.336898 0.188028 0.126778
1 0.752139 0.538463 0.183759 0.202278
