2 0.647916 0.608263 0.107293 0.064103
11 0.488541 0.464388 0.788543 0.878916
0 0.617709 0.351853 0.444793 0.397436
1 0.279687 0.510684 0.343750 0.623932
1 0.642188 0.680913 0.377085 0.440171
2 0.311980 0.697294 0.062500 0.216523
2 0.231771 0.358262 0.104168 0.108263
2 0.558334 0.648860 0.098957 0.039887
2 0.250000 0.457265 0.055210 0.081197
1 0.597396 0.222222 0.472917 0.371795
2 0.329688 0.368945 0.158335 0.095443
2 0.265104 0.252850 0.054167 0.088318
2 0.240104 0.653133 0.070832 0.133904
2 0.531250 0.503561 0.144790 0.091169
