1 0.381917 0.418767 0.113250 0.085465
12 0.482872 0.480021 0.458318 0.689458
2 0.572622 0.703670 0.095089 0.165243
2 0.546448 0.549108 0.083333 0.109688
1 0.305529 0.552677 0.075849 0.148132
0 0.500516 0.473601 0.425198 0.653868
2 0.595594 0.377441 0.160250 0.199465
2 0.503714 0.193698 0.132479 0.102562
2 0.350401 0.315490 0.092948 0.135326
2 0.332240 0.682285 0.122865 0.142486
1 0.626576 0.590420 0.051286 0.123938
1 0.663969 0.468625 0.051281 0.119653
1 0.609482 0.417340 0.047005 0.088319
2 0.456169 0.763497 0.048078 0.068382
