1 0.437392 0.425906 0.237417 0.145300
2 0.193329 0.571206 0.113958 0.151000
2 0.294942 0.435878 0.077867 0.079769
2 0.415550 0.287019 0.102567 0.064100
2 0.500071 0.330469 0.089275 0.068375
2 0.508617 0.225756 0.083567 0.035638
2 0.802062 0.470066 0.123458 0.085469
2 0.453537 0.566931 0.140558 0.074075
2 0.300642 0.623916 0.096867 0.085469
2 0.456387 0.710809 0.131058 0.085469
2 0.490575 0.645281 0.180433 0.068375
2 0.730838 0.615366 0.064575 0.054131
2 0.737487 0.518500 0.119658 0.096863
2 0.780225 0.593287 0.053183 0.047013
1 0.677667 0.524191 0.148167 0.122494
1 0.616879 0.387447 0.132958 0.136756
1 0.531392 0.497131 0.136783 0.111112
0 0.495325 0.470059 0.820517 0.572631
12 0.496271 0.472203 0.822408 0.579769
