1 0.476806 0.679496 0.394101 0.309115
11 0.489600 0.495037 0.478415 0.712236
0 0.561127 0.427371 0.320196 0.531351
1 0.392500 0.408145 0.242516 0.401695
2 0.615114 0.368968 0.077680 0.109681
2 0.335188 0.660283 0.048317 0.048428
2 0.348440 0.718686 0.038840 0.056978
2 0.391544 0.700160 0.039788 0.062678
2 0.475384 0.737924 0.035049 0.061253
2 0.439395 0.762838 0.080523 0.065528
2 0.459289 0.650307 0.040735 0.065528
2 0.514224 0.551302 0.035049 0.061278
2 0.536021 0.646032 0.038840 0.062678
2 0.598538 0.698022 0.033154 0.064103
2 0.549281 0.750012 0.021797 0.048428
