1.000000 0.618083 0.418767 0.113250 0.085465
12.000000 0.517128 0.480021 0.458318 0.689458
2.000000 0.427378 0.703670 0.095089 0.165243
2.000000 0.453552 0.549108 0.083333 0.109688
1.000000 0.694471 0.552677 0.075849 0.148132
0.000000 0.499484 0.473601 0.425198 0.653868
2.000000 0.404406 0.377441 0.160250 0.199465
2.000000 0.496286 0.193698 0.132479 0.102562
2.000000 0.649599 0.315490 0.092948 0.135326
2.000000 0.667760 0.682285 0.122865 0.142486
1.000000 0.373424 0.590420 0.051286 0.123938
1.000000 0.336031 0.468625 0.051281 0.119653
1.000000 0.390518 0.417340 0.047005 0.088319
2.000000 0.543831 0.763497 0.048078 0.068382
