1.000000 0.418767 0.618083 0.085465 0.113250
12.000000 0.480021 0.517128 0.689458 0.458318
2.000000 0.703670 0.427378 0.165243 0.095089
2.000000 0.549108 0.453552 0.109688 0.083333
1.000000 0.552677 0.694471 0.148132 0.075849
0.000000 0.473601 0.499484 0.653868 0.425198
2.000000 0.377441 0.404406 0.199465 0.160250
2.000000 0.193698 0.496286 0.102562 0.132479
2.000000 0.315490 0.649599 0.135326 0.092948
2.000000 0.682285 0.667760 0.142486 0.122865
1.000000 0.590420 0.373424 0.123938 0.051286
1.000000 0.468625 0.336031 0.119653 0.051281
1.000000 0.417340 0.390518 0.088319 0.047005
2.000000 0.763497 0.543831 0.068382 0.048078
