1.000000 0.581233 0.381917 0.085465 0.113250
12.000000 0.519979 0.482872 0.689458 0.458318
2.000000 0.296330 0.572622 0.165243 0.095089
2.000000 0.450892 0.546448 0.109688 0.083333
1.000000 0.447323 0.305529 0.148132 0.075849
0.000000 0.526399 0.500516 0.653868 0.425198
2.000000 0.622559 0.595594 0.199465 0.160250
2.000000 0.806302 0.503714 0.102562 0.132479
2.000000 0.684510 0.350401 0.135326 0.092948
2.000000 0.317715 0.332240 0.142486 0.122865
1.000000 0.409580 0.626576 0.123938 0.051286
1.000000 0.531375 0.663969 0.119653 0.051281
1.000000 0.582660 0.609482 0.088319 0.047005
2.000000 0.236503 0.456169 0.068382 0.048078
