1.000000 0.176639 0.235046 0.143870 0.145296
1.000000 0.432333 0.821227 0.256407 0.135324
12.000000 0.490736 0.484333 0.971509 0.886037
2.000000 0.587611 0.866111 0.302000 0.139630
1.000000 0.200144 0.741454 0.153843 0.198000
1.000000 0.617523 0.699431 0.190880 0.159546
2.000000 0.901708 0.558407 0.109694 0.148148
2.000000 0.698718 0.200144 0.262102 0.032769
2.000000 0.364676 0.200144 0.240741 0.123935
2.000000 0.447292 0.335472 0.066954 0.172370
2.000000 0.604722 0.296296 0.116852 0.111111
2.000000 0.739315 0.352565 0.058407 0.066944
2.000000 0.681620 0.522796 0.111111 0.168093
2.000000 0.816241 0.678778 0.166667 0.092593
2.000000 0.353981 0.442319 0.096852 0.195176
0.000000 0.489319 0.471509 0.971509 0.868944
1.000000 0.792023 0.480769 0.198009 0.186611
1.000000 0.528486 0.438750 0.286324 0.205130
1.000000 0.262819 0.336898 0.188028 0.126778
1.000000 0.247861 0.538463 0.183759 0.202278
