1.000000 0.235046 0.176639 0.145296 0.143870
1.000000 0.821227 0.432333 0.135324 0.256407
12.000000 0.484333 0.490736 0.886037 0.971509
2.000000 0.866111 0.587611 0.139630 0.302000
1.000000 0.741454 0.200144 0.198000 0.153843
1.000000 0.699431 0.617523 0.159546 0.190880
2.000000 0.558407 0.901708 0.148148 0.109694
2.000000 0.200144 0.698718 0.032769 0.262102
2.000000 0.200144 0.364676 0.123935 0.240741
2.000000 0.335472 0.447292 0.172370 0.066954
2.000000 0.296296 0.604722 0.111111 0.116852
2.000000 0.352565 0.739315 0.066944 0.058407
2.000000 0.522796 0.681620 0.168093 0.111111
2.000000 0.678778 0.816241 0.092593 0.166667
2.000000 0.442319 0.353981 0.195176 0.096852
0.000000 0.471509 0.489319 0.868944 0.971509
1.000000 0.480769 0.792023 0.186611 0.198009
1.000000 0.438750 0.528486 0.205130 0.286324
1.000000 0.336898 0.262819 0.126778 0.188028
1.000000 0.538463 0.247861 0.202278 0.183759
