1.000000 0.764954 0.823361 0.145296 0.143870
1.000000 0.178773 0.567667 0.135324 0.256407
12.000000 0.515667 0.509264 0.886037 0.971509
2.000000 0.133889 0.412389 0.139630 0.302000
1.000000 0.258546 0.799856 0.198000 0.153843
1.000000 0.300569 0.382477 0.159546 0.190880
2.000000 0.441593 0.098292 0.148148 0.109694
2.000000 0.799856 0.301282 0.032769 0.262102
2.000000 0.799856 0.635324 0.123935 0.240741
2.000000 0.664528 0.552708 0.172370 0.066954
2.000000 0.703704 0.395278 0.111111 0.116852
2.000000 0.647435 0.260685 0.066944 0.058407
2.000000 0.477204 0.318380 0.168093 0.111111
2.000000 0.321222 0.183759 0.092593 0.166667
2.000000 0.557681 0.646019 0.195176 0.096852
0.000000 0.528491 0.510681 0.868944 0.971509
1.000000 0.519231 0.207977 0.186611 0.198009
1.000000 0.561250 0.471514 0.205130 0.286324
1.000000 0.663102 0.737181 0.126778 0.188028
1.000000 0.461537 0.752139 0.202278 0.183759
