1.000000 0.562608 0.425906 0.237417 0.145300
2.000000 0.806671 0.571206 0.113958 0.151000
2.000000 0.705058 0.435878 0.077867 0.079769
2.000000 0.584450 0.287019 0.102567 0.064100
2.000000 0.499929 0.330469 0.089275 0.068375
2.000000 0.491383 0.225756 0.083567 0.035638
2.000000 0.197938 0.470066 0.123458 0.085469
2.000000 0.546463 0.566931 0.140558 0.074075
2.000000 0.699358 0.623916 0.096867 0.085469
2.000000 0.543613 0.710809 0.131058 0.085469
2.000000 0.509425 0.645281 0.180433 0.068375
2.000000 0.269162 0.615366 0.064575 0.054131
2.000000 0.262513 0.518500 0.119658 0.096863
2.000000 0.219775 0.593287 0.053183 0.047013
1.000000 0.322333 0.524191 0.148167 0.122494
1.000000 0.383121 0.387447 0.132958 0.136756
1.000000 0.468608 0.497131 0.136783 0.111112
0.000000 0.504675 0.470059 0.820517 0.572631
12.000000 0.503729 0.472203 0.822408 0.579769
