1.000000 0.425906 0.562608 0.145300 0.237417
2.000000 0.571206 0.806671 0.151000 0.113958
2.000000 0.435878 0.705058 0.079769 0.077867
2.000000 0.287019 0.584450 0.064100 0.102567
2.000000 0.330469 0.499929 0.068375 0.089275
2.000000 0.225756 0.491383 0.035638 0.083567
2.000000 0.470066 0.197938 0.085469 0.123458
2.000000 0.566931 0.546463 0.074075 0.140558
2.000000 0.623916 0.699358 0.085469 0.096867
2.000000 0.710809 0.543613 0.085469 0.131058
2.000000 0.645281 0.509425 0.068375 0.180433
2.000000 0.615366 0.269162 0.054131 0.064575
2.000000 0.518500 0.262513 0.096863 0.119658
2.000000 0.593287 0.219775 0.047013 0.053183
1.000000 0.524191 0.322333 0.122494 0.148167
1.000000 0.387447 0.383121 0.136756 0.132958
1.000000 0.497131 0.468608 0.111112 0.136783
0.000000 0.470059 0.504675 0.572631 0.820517
12.000000 0.472203 0.503729 0.579769 0.822408
