1.000000 0.574094 0.437392 0.145300 0.237417
2.000000 0.428794 0.193329 0.151000 0.113958
2.000000 0.564122 0.294942 0.079769 0.077867
2.000000 0.712981 0.415550 0.064100 0.102567
2.000000 0.669531 0.500071 0.068375 0.089275
2.000000 0.774244 0.508617 0.035638 0.083567
2.000000 0.529934 0.802062 0.085469 0.123458
2.000000 0.433069 0.453537 0.074075 0.140558
2.000000 0.376084 0.300642 0.085469 0.096867
2.000000 0.289191 0.456387 0.085469 0.131058
2.000000 0.354719 0.490575 0.068375 0.180433
2.000000 0.384634 0.730838 0.054131 0.064575
2.000000 0.481500 0.737487 0.096863 0.119658
2.000000 0.406713 0.780225 0.047013 0.053183
1.000000 0.475809 0.677667 0.122494 0.148167
1.000000 0.612553 0.616879 0.136756 0.132958
1.000000 0.502869 0.531392 0.111112 0.136783
0.000000 0.529941 0.495325 0.572631 0.820517
12.000000 0.527797 0.496271 0.579769 0.822408
