2.000000 0.393677 0.461491 0.044566 0.148153
12.000000 0.570434 0.505639 0.669596 0.928778
2.000000 0.331879 0.494247 0.064848 0.262131
2.000000 0.660081 0.610355 0.068889 0.309119
2.000000 0.685404 0.826861 0.060788 0.047017
2.000000 0.593222 0.883849 0.076990 0.172358
2.000000 0.416970 0.658068 0.062788 0.159545
2.000000 0.720859 0.121037 0.062808 0.031335
2.000000 0.780626 0.164474 0.032404 0.069801
2.000000 0.853566 0.309062 0.064828 0.076932
2.000000 0.392152 0.295526 0.154970 0.172358
2.000000 0.600313 0.249233 0.149919 0.111136
2.000000 0.803424 0.452926 0.106364 0.096875
2.000000 0.857616 0.627429 0.068889 0.166676
2.000000 0.353152 0.667330 0.095232 0.160966
2.000000 0.552202 0.667330 0.132687 0.183750
2.000000 0.600828 0.532713 0.073939 0.085483
1.000000 0.769485 0.263480 0.107374 0.168097
1.000000 0.410384 0.150227 0.157010 0.155284
1.000000 0.288828 0.510625 0.110424 0.198011
1.000000 0.767970 0.692244 0.163091 0.279205
1.000000 0.508141 0.828295 0.139798 0.123920
1.000000 0.454444 0.555497 0.111434 0.133892
1.000000 0.587152 0.368892 0.137778 0.165227
