2.000000 0.461491 0.393677 0.148153 0.044566
12.000000 0.505639 0.570434 0.928778 0.669596
2.000000 0.494247 0.331879 0.262131 0.064848
2.000000 0.610355 0.660081 0.309119 0.068889
2.000000 0.826861 0.685404 0.047017 0.060788
2.000000 0.883849 0.593222 0.172358 0.076990
2.000000 0.658068 0.416970 0.159545 0.062788
2.000000 0.121037 0.720859 0.031335 0.062808
2.000000 0.164474 0.780626 0.069801 0.032404
2.000000 0.309062 0.853566 0.076932 0.064828
2.000000 0.295526 0.392152 0.172358 0.154970
2.000000 0.249233 0.600313 0.111136 0.149919
2.000000 0.452926 0.803424 0.096875 0.106364
2.000000 0.627429 0.857616 0.166676 0.068889
2.000000 0.667330 0.353152 0.160966 0.095232
2.000000 0.667330 0.552202 0.183750 0.132687
2.000000 0.532713 0.600828 0.085483 0.073939
1.000000 0.263480 0.769485 0.168097 0.107374
1.000000 0.150227 0.410384 0.155284 0.157010
1.000000 0.510625 0.288828 0.198011 0.110424
1.000000 0.692244 0.767970 0.279205 0.163091
1.000000 0.828295 0.508141 0.123920 0.139798
1.000000 0.555497 0.454444 0.133892 0.111434
1.000000 0.368892 0.587152 0.165227 0.137778
