2.000000 0.538509 0.606323 0.148153 0.044566
12.000000 0.494361 0.429566 0.928778 0.669596
2.000000 0.505753 0.668121 0.262131 0.064848
2.000000 0.389645 0.339919 0.309119 0.068889
2.000000 0.173139 0.314596 0.047017 0.060788
2.000000 0.116151 0.406778 0.172358 0.076990
2.000000 0.341932 0.583030 0.159545 0.062788
2.000000 0.878963 0.279141 0.031335 0.062808
2.000000 0.835526 0.219374 0.069801 0.032404
2.000000 0.690938 0.146434 0.076932 0.064828
2.000000 0.704474 0.607848 0.172358 0.154970
2.000000 0.750767 0.399687 0.111136 0.149919
2.000000 0.547074 0.196576 0.096875 0.106364
2.000000 0.372571 0.142384 0.166676 0.068889
2.000000 0.332670 0.646848 0.160966 0.095232
2.000000 0.332670 0.447798 0.183750 0.132687
2.000000 0.467287 0.399172 0.085483 0.073939
1.000000 0.736520 0.230515 0.168097 0.107374
1.000000 0.849773 0.589616 0.155284 0.157010
1.000000 0.489375 0.711172 0.198011 0.110424
1.000000 0.307756 0.232030 0.279205 0.163091
1.000000 0.171705 0.491859 0.123920 0.139798
1.000000 0.444503 0.545556 0.133892 0.111434
1.000000 0.631108 0.412848 0.165227 0.137778
