2.000000 0.606323 0.461491 0.044566 0.148153
12.000000 0.429566 0.505639 0.669596 0.928778
2.000000 0.668121 0.494247 0.064848 0.262131
2.000000 0.339919 0.610355 0.068889 0.309119
2.000000 0.314596 0.826861 0.060788 0.047017
2.000000 0.406778 0.883849 0.076990 0.172358
2.000000 0.583030 0.658068 0.062788 0.159545
2.000000 0.279141 0.121037 0.062808 0.031335
2.000000 0.219374 0.164474 0.032404 0.069801
2.000000 0.146434 0.309062 0.064828 0.076932
2.000000 0.607848 0.295526 0.154970 0.172358
2.000000 0.399687 0.249233 0.149919 0.111136
2.000000 0.196576 0.452926 0.106364 0.096875
2.000000 0.142384 0.627429 0.068889 0.166676
2.000000 0.646848 0.667330 0.095232 0.160966
2.000000 0.447798 0.667330 0.132687 0.183750
2.000000 0.399172 0.532713 0.073939 0.085483
1.000000 0.230515 0.263480 0.107374 0.168097
1.000000 0.589616 0.150227 0.157010 0.155284
1.000000 0.711172 0.510625 0.110424 0.198011
1.000000 0.232030 0.692244 0.163091 0.279205
1.000000 0.491859 0.828295 0.139798 0.123920
1.000000 0.545556 0.555497 0.111434 0.133892
1.000000 0.412848 0.368892 0.137778 0.165227
