2.000000 0.302133 0.413845 0.063093 0.108259
2.000000 0.678000 0.643908 0.047040 0.055560
2.000000 0.426173 0.613996 0.050267 0.052718
12.000000 0.516533 0.517842 0.806267 0.603996
1.000000 0.761407 0.644627 0.115480 0.136750
0.000000 0.511720 0.525675 0.790240 0.605417
1.000000 0.413340 0.686643 0.146493 0.143872
1.000000 0.362553 0.514991 0.164680 0.094032
1.000000 0.509587 0.331945 0.073787 0.123925
2.000000 0.682813 0.349032 0.125120 0.138171
2.000000 0.420827 0.349032 0.140080 0.195151
2.000000 0.300527 0.264991 0.098387 0.055560
