2.000000 0.413845 0.302133 0.108259 0.063093
2.000000 0.643908 0.678000 0.055560 0.047040
2.000000 0.613996 0.426173 0.052718 0.050267
12.000000 0.517842 0.516533 0.603996 0.806267
1.000000 0.644627 0.761407 0.136750 0.115480
0.000000 0.525675 0.511720 0.605417 0.790240
1.000000 0.686643 0.413340 0.143872 0.146493
1.000000 0.514991 0.362553 0.094032 0.164680
1.000000 0.331945 0.509587 0.123925 0.073787
2.000000 0.349032 0.682813 0.138171 0.125120
2.000000 0.349032 0.420827 0.195151 0.140080
2.000000 0.264991 0.300527 0.055560 0.098387
