2.000000 0.586155 0.697867 0.108259 0.063093
2.000000 0.356092 0.322000 0.055560 0.047040
2.000000 0.386004 0.573827 0.052718 0.050267
12.000000 0.482158 0.483467 0.603996 0.806267
1.000000 0.355373 0.238593 0.136750 0.115480
0.000000 0.474325 0.488280 0.605417 0.790240
1.000000 0.313357 0.586660 0.143872 0.146493
1.000000 0.485009 0.637447 0.094032 0.164680
1.000000 0.668055 0.490413 0.123925 0.073787
2.000000 0.650968 0.317187 0.138171 0.125120
2.000000 0.650968 0.579173 0.195151 0.140080
2.000000 0.735009 0.699473 0.055560 0.098387
