2.000000 0.682274 0.362795 0.245000 0.126603
12.000000 0.513460 0.489926 0.901723 0.885127
0.000000 0.500650 0.490992 0.904576 0.870253
1.000000 0.372444 0.637806 0.215113 0.193629
1.000000 0.179421 0.530876 0.210819 0.167025
1.000000 0.144520 0.320770 0.115367 0.063819
1.000000 0.818305 0.594188 0.260678 0.380865
1.000000 0.596794 0.271297 0.202288 0.264916
1.000000 0.549788 0.451635 0.136751 0.042553
1.000000 0.414449 0.370791 0.125339 0.119177
1.000000 0.268446 0.301624 0.075480 0.074473
1.000000 0.344661 0.201086 0.128192 0.045759
2.000000 0.252076 0.837806 0.116808 0.125527
2.000000 0.445791 0.869198 0.139605 0.118101
2.000000 0.590395 0.746319 0.172373 0.214916
2.000000 0.685127 0.734082 0.136751 0.203186
2.000000 0.661610 0.576097 0.158136 0.123418
2.000000 0.237105 0.634610 0.103983 0.087236
2.000000 0.232119 0.730897 0.119661 0.056392
2.000000 0.359647 0.496308 0.246412 0.227679
2.000000 0.452924 0.334610 0.108277 0.161709
2.000000 0.432260 0.121825 0.260678 0.170232
