2.000000 0.317726 0.637205 0.245000 0.126603
12.000000 0.486540 0.510074 0.901723 0.885127
0.000000 0.499350 0.509008 0.904576 0.870253
1.000000 0.627556 0.362194 0.215113 0.193629
1.000000 0.820579 0.469124 0.210819 0.167025
1.000000 0.855480 0.679230 0.115367 0.063819
1.000000 0.181695 0.405812 0.260678 0.380865
1.000000 0.403206 0.728703 0.202288 0.264916
1.000000 0.450212 0.548365 0.136751 0.042553
1.000000 0.585551 0.629209 0.125339 0.119177
1.000000 0.731554 0.698376 0.075480 0.074473
1.000000 0.655339 0.798914 0.128192 0.045759
2.000000 0.747924 0.162194 0.116808 0.125527
2.000000 0.554209 0.130802 0.139605 0.118101
2.000000 0.409605 0.253681 0.172373 0.214916
2.000000 0.314873 0.265918 0.136751 0.203186
2.000000 0.338390 0.423903 0.158136 0.123418
2.000000 0.762895 0.365390 0.103983 0.087236
2.000000 0.767881 0.269103 0.119661 0.056392
2.000000 0.640353 0.503692 0.246412 0.227679
2.000000 0.547076 0.665390 0.108277 0.161709
2.000000 0.567740 0.878175 0.260678 0.170232
