2.000000 0.637205 0.682274 0.126603 0.245000
12.000000 0.510074 0.513460 0.885127 0.901723
0.000000 0.509008 0.500650 0.870253 0.904576
1.000000 0.362194 0.372444 0.193629 0.215113
1.000000 0.469124 0.179421 0.167025 0.210819
1.000000 0.679230 0.144520 0.063819 0.115367
1.000000 0.405812 0.818305 0.380865 0.260678
1.000000 0.728703 0.596794 0.264916 0.202288
1.000000 0.548365 0.549788 0.042553 0.136751
1.000000 0.629209 0.414449 0.119177 0.125339
1.000000 0.698376 0.268446 0.074473 0.075480
1.000000 0.798914 0.344661 0.045759 0.128192
2.000000 0.162194 0.252076 0.125527 0.116808
2.000000 0.130802 0.445791 0.118101 0.139605
2.000000 0.253681 0.590395 0.214916 0.172373
2.000000 0.265918 0.685127 0.203186 0.136751
2.000000 0.423903 0.661610 0.123418 0.158136
2.000000 0.365390 0.237105 0.087236 0.103983
2.000000 0.269103 0.232119 0.056392 0.119661
2.000000 0.503692 0.359647 0.227679 0.246412
2.000000 0.665390 0.452924 0.161709 0.108277
2.000000 0.878175 0.432260 0.170232 0.260678
