4.000000 0.295000 0.534829 0.490625 0.676783
2.000000 0.258021 0.710113 0.066668 0.072650
2.000000 0.218437 0.747863 0.075000 0.079774
2.000000 0.287709 0.758475 0.069793 0.078489
2.000000 0.354375 0.764885 0.059375 0.091309
2.000000 0.409582 0.714244 0.046875 0.066950
1.000000 0.278854 0.538390 0.283332 0.399002
0.000000 0.352812 0.463603 0.352085 0.514386
2.000000 0.166875 0.344728 0.040625 0.051282
2.000000 0.149166 0.392378 0.032293 0.050000
2.000000 0.133021 0.474215 0.029168 0.051282
2.000000 0.100208 0.473574 0.034375 0.069658
2.000000 0.121563 0.561181 0.072915 0.088462
2.000000 0.173646 0.597506 0.041668 0.069658
2.000000 0.194479 0.666667 0.058332 0.088321
2.000000 0.146563 0.675070 0.043750 0.076923
