4.000000 0.534829 0.295000 0.676783 0.490625
2.000000 0.710113 0.258021 0.072650 0.066668
2.000000 0.747863 0.218437 0.079774 0.075000
2.000000 0.758475 0.287709 0.078489 0.069793
2.000000 0.764885 0.354375 0.091309 0.059375
2.000000 0.714244 0.409582 0.066950 0.046875
1.000000 0.538390 0.278854 0.399002 0.283332
0.000000 0.463603 0.352812 0.514386 0.352085
2.000000 0.344728 0.166875 0.051282 0.040625
2.000000 0.392378 0.149166 0.050000 0.032293
2.000000 0.474215 0.133021 0.051282 0.029168
2.000000 0.473574 0.100208 0.069658 0.034375
2.000000 0.561181 0.121563 0.088462 0.072915
2.000000 0.597506 0.173646 0.069658 0.041668
2.000000 0.666667 0.194479 0.088321 0.058332
2.000000 0.675070 0.146563 0.076923 0.043750
