4.000000 0.465171 0.705000 0.676783 0.490625
2.000000 0.289887 0.741979 0.072650 0.066668
2.000000 0.252137 0.781563 0.079774 0.075000
2.000000 0.241525 0.712291 0.078489 0.069793
2.000000 0.235115 0.645625 0.091309 0.059375
2.000000 0.285756 0.590418 0.066950 0.046875
1.000000 0.461610 0.721146 0.399002 0.283332
0.000000 0.536397 0.647188 0.514386 0.352085
2.000000 0.655272 0.833125 0.051282 0.040625
2.000000 0.607622 0.850834 0.050000 0.032293
2.000000 0.525785 0.866979 0.051282 0.029168
2.000000 0.526426 0.899792 0.069658 0.034375
2.000000 0.438819 0.878437 0.088462 0.072915
2.000000 0.402494 0.826354 0.069658 0.041668
2.000000 0.333333 0.805521 0.088321 0.058332
2.000000 0.324930 0.853437 0.076923 0.043750
