4.000000 0.705000 0.534829 0.490625 0.676783
2.000000 0.741979 0.710113 0.066668 0.072650
2.000000 0.781563 0.747863 0.075000 0.079774
2.000000 0.712291 0.758475 0.069793 0.078489
2.000000 0.645625 0.764885 0.059375 0.091309
2.000000 0.590418 0.714244 0.046875 0.066950
1.000000 0.721146 0.538390 0.283332 0.399002
0.000000 0.647188 0.463603 0.352085 0.514386
2.000000 0.833125 0.344728 0.040625 0.051282
2.000000 0.850834 0.392378 0.032293 0.050000
2.000000 0.866979 0.474215 0.029168 0.051282
2.000000 0.899792 0.473574 0.034375 0.069658
2.000000 0.878437 0.561181 0.072915 0.088462
2.000000 0.826354 0.597506 0.041668 0.069658
2.000000 0.805521 0.666667 0.058332 0.088321
2.000000 0.853437 0.675070 0.043750 0.076923
