1.000000 0.305158 0.572619 0.061540 0.145302
1.000000 0.546086 0.636016 0.096561 0.115397
1.000000 0.454736 0.598270 0.080485 0.213683
4.000000 0.484557 0.486444 0.577468 0.881778
2.000000 0.246951 0.480746 0.083312 0.266381
2.000000 0.323618 0.382460 0.123059 0.223651
2.000000 0.564072 0.733603 0.092785 0.119651
2.000000 0.587268 0.835444 0.120232 0.155270
2.000000 0.481245 0.787714 0.163755 0.156698
2.000000 0.339715 0.737873 0.096561 0.213651
2.000000 0.590591 0.158095 0.176076 0.222222
2.000000 0.387521 0.673762 0.059641 0.262127
