1.000000 0.572619 0.305158 0.145302 0.061540
1.000000 0.636016 0.546086 0.115397 0.096561
1.000000 0.598270 0.454736 0.213683 0.080485
4.000000 0.486444 0.484557 0.881778 0.577468
2.000000 0.480746 0.246951 0.266381 0.083312
2.000000 0.382460 0.323618 0.223651 0.123059
2.000000 0.733603 0.564072 0.119651 0.092785
2.000000 0.835444 0.587268 0.155270 0.120232
2.000000 0.787714 0.481245 0.156698 0.163755
2.000000 0.737873 0.339715 0.213651 0.096561
2.000000 0.158095 0.590591 0.222222 0.176076
2.000000 0.673762 0.387521 0.262127 0.059641
