1.000000 0.427381 0.694842 0.145302 0.061540
1.000000 0.363984 0.453914 0.115397 0.096561
1.000000 0.401730 0.545264 0.213683 0.080485
4.000000 0.513556 0.515443 0.881778 0.577468
2.000000 0.519254 0.753049 0.266381 0.083312
2.000000 0.617540 0.676382 0.223651 0.123059
2.000000 0.266397 0.435928 0.119651 0.092785
2.000000 0.164556 0.412732 0.155270 0.120232
2.000000 0.212286 0.518755 0.156698 0.163755
2.000000 0.262127 0.660285 0.213651 0.096561
2.000000 0.841905 0.409409 0.222222 0.176076
2.000000 0.326238 0.612479 0.262127 0.059641
