1.000000 0.313879 0.252220 0.136755 0.170945
6.000000 0.471286 0.488689 0.636755 0.877495
1.000000 0.481971 0.841249 0.122505 0.126777
1.000000 0.580260 0.768601 0.145297 0.158125
1.000000 0.665018 0.685267 0.089744 0.153846
1.000000 0.721286 0.577007 0.119656 0.150996
1.000000 0.613022 0.406777 0.284901 0.411678
1.000000 0.261172 0.353359 0.133905 0.159538
1.000000 0.437810 0.192392 0.151004 0.176637
1.000000 0.541088 0.194524 0.149575 0.240740
2.000000 0.405044 0.753641 0.290601 0.185187
2.000000 0.246927 0.581278 0.105414 0.330484
0.000000 0.447051 0.482989 0.348974 0.435897
