1.000000 0.686121 0.747780 0.136755 0.170945
6.000000 0.528714 0.511311 0.636755 0.877495
1.000000 0.518029 0.158751 0.122505 0.126777
1.000000 0.419740 0.231399 0.145297 0.158125
1.000000 0.334982 0.314733 0.089744 0.153846
1.000000 0.278714 0.422993 0.119656 0.150996
1.000000 0.386978 0.593223 0.284901 0.411678
1.000000 0.738828 0.646641 0.133905 0.159538
1.000000 0.562190 0.807608 0.151004 0.176637
1.000000 0.458912 0.805476 0.149575 0.240740
2.000000 0.594956 0.246359 0.290601 0.185187
2.000000 0.753073 0.418722 0.105414 0.330484
0.000000 0.552949 0.517011 0.348974 0.435897
