1.000000 0.747780 0.313879 0.170945 0.136755
6.000000 0.511311 0.471286 0.877495 0.636755
1.000000 0.158751 0.481971 0.126777 0.122505
1.000000 0.231399 0.580260 0.158125 0.145297
1.000000 0.314733 0.665018 0.153846 0.089744
1.000000 0.422993 0.721286 0.150996 0.119656
1.000000 0.593223 0.613022 0.411678 0.284901
1.000000 0.646641 0.261172 0.159538 0.133905
1.000000 0.807608 0.437810 0.176637 0.151004
1.000000 0.805476 0.541088 0.240740 0.149575
2.000000 0.246359 0.405044 0.185187 0.290601
2.000000 0.418722 0.246927 0.330484 0.105414
0.000000 0.517011 0.447051 0.435897 0.348974
