1.000000 0.439193 0.421461 0.163823 0.132484
1.000000 0.441328 0.322637 0.179490 0.086539
2.000000 0.738339 0.399023 0.240740 0.207266
0.000000 0.535349 0.506398 0.418802 0.298078
2.000000 0.474807 0.540586 0.232198 0.210469
2.000000 0.617255 0.717402 0.160969 0.055555
1.000000 0.391469 0.688609 0.125354 0.106734
6.000000 0.542469 0.519215 0.692312 0.516023
1.000000 0.648594 0.433750 0.158125 0.082266
1.000000 0.714833 0.544859 0.170937 0.110047
1.000000 0.352297 0.587113 0.112531 0.128102
1.000000 0.286766 0.442828 0.160969 0.269234
1.000000 0.626516 0.638879 0.145302 0.112180
