1.000000 0.560807 0.578539 0.163823 0.132484
1.000000 0.558672 0.677363 0.179490 0.086539
2.000000 0.261661 0.600977 0.240740 0.207266
0.000000 0.464651 0.493602 0.418802 0.298078
2.000000 0.525193 0.459414 0.232198 0.210469
2.000000 0.382745 0.282598 0.160969 0.055555
1.000000 0.608531 0.311391 0.125354 0.106734
6.000000 0.457531 0.480785 0.692312 0.516023
1.000000 0.351406 0.566250 0.158125 0.082266
1.000000 0.285167 0.455141 0.170937 0.110047
1.000000 0.647703 0.412887 0.112531 0.128102
1.000000 0.713234 0.557172 0.160969 0.269234
1.000000 0.373484 0.361121 0.145302 0.112180
