1.000000 0.578539 0.439193 0.132484 0.163823
1.000000 0.677363 0.441328 0.086539 0.179490
2.000000 0.600977 0.738339 0.207266 0.240740
0.000000 0.493602 0.535349 0.298078 0.418802
2.000000 0.459414 0.474807 0.210469 0.232198
2.000000 0.282598 0.617255 0.055555 0.160969
1.000000 0.311391 0.391469 0.106734 0.125354
6.000000 0.480785 0.542469 0.516023 0.692312
1.000000 0.566250 0.648594 0.082266 0.158125
1.000000 0.455141 0.714833 0.110047 0.170937
1.000000 0.412887 0.352297 0.128102 0.112531
1.000000 0.557172 0.286766 0.269234 0.160969
1.000000 0.361121 0.626516 0.112180 0.145302
