2.000000 0.815194 0.244079 0.168094 0.134028
6.000000 0.681290 0.470074 0.626781 0.782778
0.000000 0.630722 0.501440 0.303423 0.432028
2.000000 0.701235 0.475060 0.128205 0.136880
2.000000 0.814482 0.362421 0.112535 0.096954
2.000000 0.641401 0.157106 0.125356 0.082694
2.000000 0.913483 0.388088 0.065523 0.091250
1.000000 0.515333 0.412329 0.141027 0.136880
1.000000 0.623599 0.539935 0.175208 0.309407
1.000000 0.729010 0.527106 0.155264 0.098380
1.000000 0.744681 0.662556 0.254986 0.195333
1.000000 0.683427 0.321787 0.152424 0.129741
1.000000 0.456933 0.532810 0.092590 0.161120
1.000000 0.580153 0.737412 0.122507 0.145435
