2.000000 0.184806 0.755921 0.168094 0.134028
6.000000 0.318710 0.529926 0.626781 0.782778
0.000000 0.369278 0.498560 0.303423 0.432028
2.000000 0.298765 0.524940 0.128205 0.136880
2.000000 0.185518 0.637579 0.112535 0.096954
2.000000 0.358599 0.842894 0.125356 0.082694
2.000000 0.086517 0.611912 0.065523 0.091250
1.000000 0.484667 0.587671 0.141027 0.136880
1.000000 0.376401 0.460065 0.175208 0.309407
1.000000 0.270990 0.472894 0.155264 0.098380
1.000000 0.255319 0.337444 0.254986 0.195333
1.000000 0.316573 0.678213 0.152424 0.129741
1.000000 0.543067 0.467190 0.092590 0.161120
1.000000 0.419847 0.262588 0.122507 0.145435
