2.000000 0.755921 0.815194 0.134028 0.168094
6.000000 0.529926 0.681290 0.782778 0.626781
0.000000 0.498560 0.630722 0.432028 0.303423
2.000000 0.524940 0.701235 0.136880 0.128205
2.000000 0.637579 0.814482 0.096954 0.112535
2.000000 0.842894 0.641401 0.082694 0.125356
2.000000 0.611912 0.913483 0.091250 0.065523
1.000000 0.587671 0.515333 0.136880 0.141027
1.000000 0.460065 0.623599 0.309407 0.175208
1.000000 0.472894 0.729010 0.098380 0.155264
1.000000 0.337444 0.744681 0.195333 0.254986
1.000000 0.678213 0.683427 0.129741 0.152424
1.000000 0.467190 0.456933 0.161120 0.092590
1.000000 0.262588 0.580153 0.145435 0.122507
