2.000000 0.335412 0.130789 0.032500 0.086888
2.000000 0.344389 0.266831 0.163310 0.267803
2.000000 0.200735 0.640046 0.187266 0.236476
2.000000 0.461538 0.637197 0.265934 0.145286
2.000000 0.235364 0.232643 0.280481 0.410275
2.000000 0.699684 0.554577 0.136813 0.148146
2.000000 0.747136 0.379359 0.038475 0.111121
2.000000 0.743290 0.454863 0.157349 0.131053
2.000000 0.753125 0.244039 0.182129 0.256407
0.000000 0.559018 0.512551 0.589162 0.870366
1.000000 0.684286 0.397174 0.107747 0.277780
1.000000 0.322582 0.546739 0.114588 0.121076
1.000000 0.535076 0.195606 0.277898 0.364668
7.000000 0.470172 0.492757 0.803777 0.933066
2.000000 0.184911 0.499016 0.222321 0.259268
2.000000 0.607335 0.086625 0.054725 0.132471
2.000000 0.494890 0.059565 0.047033 0.089748
2.000000 0.412795 0.092334 0.038475 0.078352
