2.000000 0.130789 0.335412 0.086888 0.032500
2.000000 0.266831 0.344389 0.267803 0.163310
2.000000 0.640046 0.200735 0.236476 0.187266
2.000000 0.637197 0.461538 0.145286 0.265934
2.000000 0.232643 0.235364 0.410275 0.280481
2.000000 0.554577 0.699684 0.148146 0.136813
2.000000 0.379359 0.747136 0.111121 0.038475
2.000000 0.454863 0.743290 0.131053 0.157349
2.000000 0.244039 0.753125 0.256407 0.182129
0.000000 0.512551 0.559018 0.870366 0.589162
1.000000 0.397174 0.684286 0.277780 0.107747
1.000000 0.546739 0.322582 0.121076 0.114588
1.000000 0.195606 0.535076 0.364668 0.277898
7.000000 0.492757 0.470172 0.933066 0.803777
2.000000 0.499016 0.184911 0.259268 0.222321
2.000000 0.086625 0.607335 0.132471 0.054725
2.000000 0.059565 0.494890 0.089748 0.047033
2.000000 0.092334 0.412795 0.078352 0.038475
