2.000000 0.869211 0.664588 0.086888 0.032500
2.000000 0.733169 0.655611 0.267803 0.163310
2.000000 0.359954 0.799265 0.236476 0.187266
2.000000 0.362803 0.538462 0.145286 0.265934
2.000000 0.767357 0.764636 0.410275 0.280481
2.000000 0.445423 0.300316 0.148146 0.136813
2.000000 0.620641 0.252864 0.111121 0.038475
2.000000 0.545137 0.256710 0.131053 0.157349
2.000000 0.755961 0.246875 0.256407 0.182129
0.000000 0.487449 0.440982 0.870366 0.589162
1.000000 0.602826 0.315714 0.277780 0.107747
1.000000 0.453261 0.677418 0.121076 0.114588
1.000000 0.804394 0.464924 0.364668 0.277898
7.000000 0.507243 0.529828 0.933066 0.803777
2.000000 0.500984 0.815089 0.259268 0.222321
2.000000 0.913375 0.392665 0.132471 0.054725
2.000000 0.940435 0.505110 0.089748 0.047033
2.000000 0.907666 0.587205 0.078352 0.038475
