2.000000 0.566429 0.326775 0.104653 0.229500
1.000000 0.551898 0.809688 0.054653 0.132325
1.000000 0.694929 0.543300 0.108143 0.075650
1.000000 0.475724 0.316888 0.095367 0.126775
1.000000 0.847837 0.497800 0.106980 0.078350
8.000000 0.504796 0.517663 0.918653 0.893325
1.000000 0.375724 0.508475 0.165122 0.116800
1.000000 0.528633 0.554775 0.180245 0.172350
2.000000 0.326306 0.737750 0.180245 0.273650
2.000000 0.840286 0.299712 0.045347 0.069675
2.000000 0.455949 0.811175 0.055816 0.098300
1.000000 0.705969 0.312600 0.067449 0.098300
2.000000 0.346071 0.376000 0.131408 0.131050
0.000000 0.489102 0.521225 0.877959 0.865950
2.000000 0.781561 0.796163 0.055816 0.042875
2.000000 0.615847 0.626638 0.117449 0.085325
