2.000000 0.326775 0.566429 0.229500 0.104653
1.000000 0.809688 0.551898 0.132325 0.054653
1.000000 0.543300 0.694929 0.075650 0.108143
1.000000 0.316888 0.475724 0.126775 0.095367
1.000000 0.497800 0.847837 0.078350 0.106980
8.000000 0.517663 0.504796 0.893325 0.918653
1.000000 0.508475 0.375724 0.116800 0.165122
1.000000 0.554775 0.528633 0.172350 0.180245
2.000000 0.737750 0.326306 0.273650 0.180245
2.000000 0.299712 0.840286 0.069675 0.045347
2.000000 0.811175 0.455949 0.098300 0.055816
1.000000 0.312600 0.705969 0.098300 0.067449
2.000000 0.376000 0.346071 0.131050 0.131408
0.000000 0.521225 0.489102 0.865950 0.877959
2.000000 0.796163 0.781561 0.042875 0.055816
2.000000 0.626638 0.615847 0.085325 0.117449
