2.000000 0.673225 0.433571 0.229500 0.104653
1.000000 0.190312 0.448102 0.132325 0.054653
1.000000 0.456700 0.305071 0.075650 0.108143
1.000000 0.683112 0.524276 0.126775 0.095367
1.000000 0.502200 0.152163 0.078350 0.106980
8.000000 0.482337 0.495204 0.893325 0.918653
1.000000 0.491525 0.624276 0.116800 0.165122
1.000000 0.445225 0.471367 0.172350 0.180245
2.000000 0.262250 0.673694 0.273650 0.180245
2.000000 0.700288 0.159714 0.069675 0.045347
2.000000 0.188825 0.544051 0.098300 0.055816
1.000000 0.687400 0.294031 0.098300 0.067449
2.000000 0.624000 0.653929 0.131050 0.131408
0.000000 0.478775 0.510898 0.865950 0.877959
2.000000 0.203837 0.218439 0.042875 0.055816
2.000000 0.373362 0.384153 0.085325 0.117449
