2.000000 0.433571 0.326775 0.104653 0.229500
1.000000 0.448102 0.809688 0.054653 0.132325
1.000000 0.305071 0.543300 0.108143 0.075650
1.000000 0.524276 0.316888 0.095367 0.126775
1.000000 0.152163 0.497800 0.106980 0.078350
8.000000 0.495204 0.517663 0.918653 0.893325
1.000000 0.624276 0.508475 0.165122 0.116800
1.000000 0.471367 0.554775 0.180245 0.172350
2.000000 0.673694 0.737750 0.180245 0.273650
2.000000 0.159714 0.299712 0.045347 0.069675
2.000000 0.544051 0.811175 0.055816 0.098300
1.000000 0.294031 0.312600 0.067449 0.098300
2.000000 0.653929 0.376000 0.131408 0.131050
0.000000 0.510898 0.521225 0.877959 0.865950
2.000000 0.218439 0.796163 0.055816 0.042875
2.000000 0.384153 0.626638 0.117449 0.085325
