10.000000 0.500000 0.525659 1.000000 0.940162
2.000000 0.350415 0.146733 0.331913 0.173791
2.000000 0.896706 0.601868 0.188032 0.149585
2.000000 0.580469 0.670235 0.210830 0.257834
2.000000 0.666652 0.865397 0.115397 0.203718
2.000000 0.536309 0.857563 0.358971 0.207978
2.000000 0.353971 0.641038 0.213682 0.202292
2.000000 0.269224 0.455857 0.123935 0.153845
2.000000 0.087590 0.346164 0.153845 0.162401
0.000000 0.678042 0.326227 0.619657 0.490036
1.000000 0.506399 0.730785 0.985758 0.498574
1.000000 0.285596 0.342608 0.509964 0.354711
