10.000000 0.525659 0.500000 0.940162 1.000000
2.000000 0.146733 0.350415 0.173791 0.331913
2.000000 0.601868 0.896706 0.149585 0.188032
2.000000 0.670235 0.580469 0.257834 0.210830
2.000000 0.865397 0.666652 0.203718 0.115397
2.000000 0.857563 0.536309 0.207978 0.358971
2.000000 0.641038 0.353971 0.202292 0.213682
2.000000 0.455857 0.269224 0.153845 0.123935
2.000000 0.346164 0.087590 0.162401 0.153845
0.000000 0.326227 0.678042 0.490036 0.619657
1.000000 0.730785 0.506399 0.498574 0.985758
1.000000 0.342608 0.285596 0.354711 0.509964
