10.000000 0.474341 0.500000 0.940162 1.000000
2.000000 0.853267 0.649585 0.173791 0.331913
2.000000 0.398132 0.103294 0.149585 0.188032
2.000000 0.329765 0.419531 0.257834 0.210830
2.000000 0.134603 0.333348 0.203718 0.115397
2.000000 0.142437 0.463691 0.207978 0.358971
2.000000 0.358962 0.646029 0.202292 0.213682
2.000000 0.544143 0.730776 0.153845 0.123935
2.000000 0.653836 0.912410 0.162401 0.153845
0.000000 0.673773 0.321958 0.490036 0.619657
1.000000 0.269215 0.493601 0.498574 0.985758
1.000000 0.657392 0.714404 0.354711 0.509964
