1.000000 0.404653 0.347677 0.297021 0.372565
10.000000 0.523374 0.571217 0.565107 0.855297
1.000000 0.655293 0.563123 0.204258 0.809926
2.000000 0.758271 0.479703 0.081699 0.163606
2.000000 0.665503 0.566366 0.129365 0.142546
2.000000 0.754014 0.711338 0.081699 0.147398
2.000000 0.442949 0.597955 0.065527 0.208959
2.000000 0.481245 0.222138 0.150635 0.144164
2.000000 0.622524 0.225381 0.106377 0.108532
2.000000 0.660396 0.290985 0.098721 0.058327
2.000000 0.720820 0.423820 0.059570 0.165223
2.000000 0.622949 0.452974 0.078301 0.084238
2.000000 0.443374 0.363875 0.059580 0.116636
2.000000 0.519971 0.321766 0.056172 0.061561
2.000000 0.277842 0.385743 0.040000 0.079368
2.000000 0.637842 0.358206 0.036602 0.059944
0.000000 0.445503 0.720251 0.324248 0.547528
