1.000000 0.347677 0.404653 0.372565 0.297021
10.000000 0.571217 0.523374 0.855297 0.565107
1.000000 0.563123 0.655293 0.809926 0.204258
2.000000 0.479703 0.758271 0.163606 0.081699
2.000000 0.566366 0.665503 0.142546 0.129365
2.000000 0.711338 0.754014 0.147398 0.081699
2.000000 0.597955 0.442949 0.208959 0.065527
2.000000 0.222138 0.481245 0.144164 0.150635
2.000000 0.225381 0.622524 0.108532 0.106377
2.000000 0.290985 0.660396 0.058327 0.098721
2.000000 0.423820 0.720820 0.165223 0.059570
2.000000 0.452974 0.622949 0.084238 0.078301
2.000000 0.363875 0.443374 0.116636 0.059580
2.000000 0.321766 0.519971 0.061561 0.056172
2.000000 0.385743 0.277842 0.079368 0.040000
2.000000 0.358206 0.637842 0.059944 0.036602
0.000000 0.720251 0.445503 0.547528 0.324248
