1.000000 0.652323 0.595347 0.372565 0.297021
10.000000 0.428783 0.476626 0.855297 0.565107
1.000000 0.436877 0.344707 0.809926 0.204258
2.000000 0.520297 0.241729 0.163606 0.081699
2.000000 0.433634 0.334497 0.142546 0.129365
2.000000 0.288662 0.245986 0.147398 0.081699
2.000000 0.402045 0.557051 0.208959 0.065527
2.000000 0.777862 0.518755 0.144164 0.150635
2.000000 0.774619 0.377476 0.108532 0.106377
2.000000 0.709015 0.339604 0.058327 0.098721
2.000000 0.576180 0.279180 0.165223 0.059570
2.000000 0.547026 0.377051 0.084238 0.078301
2.000000 0.636125 0.556626 0.116636 0.059580
2.000000 0.678234 0.480029 0.061561 0.056172
2.000000 0.614257 0.722158 0.079368 0.040000
2.000000 0.641794 0.362158 0.059944 0.036602
0.000000 0.279749 0.554497 0.547528 0.324248
