2.000000 0.592598 0.444449 0.184202 0.170949
2.000000 0.501480 0.643154 0.096543 0.135333
2.000000 0.530541 0.774923 0.073883 0.113949
2.000000 0.203014 0.486462 0.063050 0.141026
2.000000 0.406418 0.551282 0.125106 0.062667
2.000000 0.348307 0.722218 0.140869 0.168077
2.000000 0.338457 0.606115 0.101454 0.035615
2.000000 0.722615 0.494295 0.067961 0.170949
10.000000 0.541871 0.436615 0.760443 0.864667
1.000000 0.505417 0.618949 0.612677 0.443026
0.000000 0.401498 0.351141 0.320124 0.363256
2.000000 0.686170 0.633910 0.058121 0.125359
2.000000 0.700940 0.240744 0.412730 0.452974
2.000000 0.827518 0.539179 0.102447 0.146718
