2.000000 0.444449 0.592598 0.170949 0.184202
2.000000 0.643154 0.501480 0.135333 0.096543
2.000000 0.774923 0.530541 0.113949 0.073883
2.000000 0.486462 0.203014 0.141026 0.063050
2.000000 0.551282 0.406418 0.062667 0.125106
2.000000 0.722218 0.348307 0.168077 0.140869
2.000000 0.606115 0.338457 0.035615 0.101454
2.000000 0.494295 0.722615 0.170949 0.067961
10.000000 0.436615 0.541871 0.864667 0.760443
1.000000 0.618949 0.505417 0.443026 0.612677
0.000000 0.351141 0.401498 0.363256 0.320124
2.000000 0.633910 0.686170 0.125359 0.058121
2.000000 0.240744 0.700940 0.452974 0.412730
2.000000 0.539179 0.827518 0.146718 0.102447
