2.000000 0.555551 0.407402 0.170949 0.184202
2.000000 0.356846 0.498520 0.135333 0.096543
2.000000 0.225077 0.469459 0.113949 0.073883
2.000000 0.513538 0.796986 0.141026 0.063050
2.000000 0.448718 0.593582 0.062667 0.125106
2.000000 0.277782 0.651693 0.168077 0.140869
2.000000 0.393885 0.661543 0.035615 0.101454
2.000000 0.505705 0.277385 0.170949 0.067961
10.000000 0.563385 0.458129 0.864667 0.760443
1.000000 0.381051 0.494583 0.443026 0.612677
0.000000 0.648859 0.598502 0.363256 0.320124
2.000000 0.366090 0.313830 0.125359 0.058121
2.000000 0.759256 0.299060 0.452974 0.412730
2.000000 0.460821 0.172482 0.146718 0.102447
