2.000000 0.447296 0.384619 0.069805 0.079770
10.000000 0.543449 0.517092 0.638174 0.552695
2.000000 0.507119 0.297012 0.172358 0.086897
2.000000 0.423794 0.527775 0.065532 0.126791
2.000000 0.787039 0.492163 0.111099 0.175213
2.000000 0.676640 0.535612 0.155266 0.099699
2.000000 0.771365 0.638183 0.099716 0.088316
2.000000 0.651711 0.326924 0.145301 0.061259
2.000000 0.701569 0.368945 0.105408 0.056968
2.000000 0.653138 0.459406 0.074078 0.047004
1.000000 0.684477 0.512828 0.310550 0.487181
1.000000 0.398856 0.353271 0.263528 0.202287
