2.000000 0.384619 0.447296 0.079770 0.069805
10.000000 0.517092 0.543449 0.552695 0.638174
2.000000 0.297012 0.507119 0.086897 0.172358
2.000000 0.527775 0.423794 0.126791 0.065532
2.000000 0.492163 0.787039 0.175213 0.111099
2.000000 0.535612 0.676640 0.099699 0.155266
2.000000 0.638183 0.771365 0.088316 0.099716
2.000000 0.326924 0.651711 0.061259 0.145301
2.000000 0.368945 0.701569 0.056968 0.105408
2.000000 0.459406 0.653138 0.047004 0.074078
1.000000 0.512828 0.684477 0.487181 0.310550
1.000000 0.353271 0.398856 0.202287 0.263528
