2.000000 0.615381 0.552704 0.079770 0.069805
10.000000 0.482908 0.456551 0.552695 0.638174
2.000000 0.702988 0.492881 0.086897 0.172358
2.000000 0.472225 0.576206 0.126791 0.065532
2.000000 0.507837 0.212961 0.175213 0.111099
2.000000 0.464388 0.323360 0.099699 0.155266
2.000000 0.361817 0.228635 0.088316 0.099716
2.000000 0.673076 0.348289 0.061259 0.145301
2.000000 0.631055 0.298431 0.056968 0.105408
2.000000 0.540594 0.346862 0.047004 0.074078
1.000000 0.487172 0.315523 0.487181 0.310550
1.000000 0.646729 0.601144 0.202287 0.263528
