2.000000 0.269212 0.534205 0.044157 0.025638
2.000000 0.403827 0.711558 0.105411 0.163820
2.000000 0.382463 0.589047 0.056979 0.038460
1.000000 0.415224 0.639619 0.652427 0.518519
2.000000 0.488585 0.335488 0.423079 0.203702
2.000000 0.680894 0.455858 0.149575 0.156701
10.000000 0.492144 0.566968 0.826210 0.700858
0.000000 0.683032 0.536342 0.413101 0.374648
2.000000 0.225055 0.762837 0.044157 0.021364
2.000000 0.294853 0.804864 0.064106 0.042735
2.000000 0.323343 0.749307 0.041305 0.071224
2.000000 0.618215 0.833350 0.035609 0.048431
