2.000000 0.534205 0.269212 0.025638 0.044157
2.000000 0.711558 0.403827 0.163820 0.105411
2.000000 0.589047 0.382463 0.038460 0.056979
1.000000 0.639619 0.415224 0.518519 0.652427
2.000000 0.335488 0.488585 0.203702 0.423079
2.000000 0.455858 0.680894 0.156701 0.149575
10.000000 0.566968 0.492144 0.700858 0.826210
0.000000 0.536342 0.683032 0.374648 0.413101
2.000000 0.762837 0.225055 0.021364 0.044157
2.000000 0.804864 0.294853 0.042735 0.064106
2.000000 0.749307 0.323343 0.071224 0.041305
2.000000 0.833350 0.618215 0.048431 0.035609
