2.000000 0.465795 0.730788 0.025638 0.044157
2.000000 0.288442 0.596173 0.163820 0.105411
2.000000 0.410953 0.617537 0.038460 0.056979
1.000000 0.360381 0.584776 0.518519 0.652427
2.000000 0.664512 0.511415 0.203702 0.423079
2.000000 0.544142 0.319106 0.156701 0.149575
10.000000 0.433032 0.507856 0.700858 0.826210
0.000000 0.463658 0.316968 0.374648 0.413101
2.000000 0.237163 0.774945 0.021364 0.044157
2.000000 0.195136 0.705147 0.042735 0.064106
2.000000 0.250693 0.676657 0.071224 0.041305
2.000000 0.166650 0.381785 0.048431 0.035609
