1.000000 0.696688 0.438324 0.602181 0.788086
10.000000 0.500757 0.454070 0.997069 0.836594
2.000000 0.268507 0.594922 0.529542 0.515750
2.000000 0.751160 0.444281 0.308653 0.103828
2.000000 0.897924 0.576621 0.166431 0.082555
2.000000 0.586236 0.540453 0.130111 0.108938
2.000000 0.527229 0.155344 0.105903 0.145531
2.000000 0.741319 0.134922 0.122556 0.029781
2.000000 0.422076 0.390668 0.086236 0.073195
2.000000 0.679292 0.323859 0.083222 0.040000
2.000000 0.690639 0.383008 0.154333 0.056172
2.000000 0.575653 0.295770 0.093806 0.024680
2.000000 0.357021 0.300031 0.089264 0.145531
1.000000 0.271535 0.224707 0.239042 0.331914
0.000000 0.337347 0.485988 0.388833 0.306383
