1.000000 0.303312 0.561676 0.602181 0.788086
10.000000 0.499243 0.545930 0.997069 0.836594
2.000000 0.731493 0.405078 0.529542 0.515750
2.000000 0.248840 0.555719 0.308653 0.103828
2.000000 0.102076 0.423379 0.166431 0.082555
2.000000 0.413764 0.459547 0.130111 0.108938
2.000000 0.472771 0.844656 0.105903 0.145531
2.000000 0.258681 0.865078 0.122556 0.029781
2.000000 0.577924 0.609332 0.086236 0.073195
2.000000 0.320708 0.676141 0.083222 0.040000
2.000000 0.309361 0.616992 0.154333 0.056172
2.000000 0.424347 0.704230 0.093806 0.024680
2.000000 0.642979 0.699969 0.089264 0.145531
1.000000 0.728465 0.775293 0.239042 0.331914
0.000000 0.662653 0.514012 0.388833 0.306383
