1.000000 0.561676 0.696688 0.788086 0.602181
10.000000 0.545930 0.500757 0.836594 0.997069
2.000000 0.405078 0.268507 0.515750 0.529542
2.000000 0.555719 0.751160 0.103828 0.308653
2.000000 0.423379 0.897924 0.082555 0.166431
2.000000 0.459547 0.586236 0.108938 0.130111
2.000000 0.844656 0.527229 0.145531 0.105903
2.000000 0.865078 0.741319 0.029781 0.122556
2.000000 0.609332 0.422076 0.073195 0.086236
2.000000 0.676141 0.679292 0.040000 0.083222
2.000000 0.616992 0.690639 0.056172 0.154333
2.000000 0.704230 0.575653 0.024680 0.093806
2.000000 0.699969 0.357021 0.145531 0.089264
1.000000 0.775293 0.271535 0.331914 0.239042
0.000000 0.514012 0.337347 0.306383 0.388833
