2.000000 0.575015 0.842660 0.148994 0.125346
2.000000 0.537769 0.689529 0.155381 0.180915
2.000000 0.725068 0.805621 0.155371 0.179477
2.000000 0.850825 0.609039 0.298350 0.512824
2.000000 0.144546 0.567013 0.103232 0.121085
2.000000 0.317480 0.657477 0.076621 0.105412
2.000000 0.206270 0.681693 0.113867 0.139595
2.000000 0.319604 0.485817 0.102158 0.152418
2.000000 0.159976 0.400353 0.123447 0.155268
2.000000 0.320142 0.242229 0.088330 0.092588
2.000000 0.404209 0.117588 0.128770 0.099725
0.000000 0.608003 0.337673 0.553389 0.437333
1.000000 0.410063 0.691660 0.785381 0.441595
1.000000 0.224355 0.279268 0.371406 0.377490
10.000000 0.500518 0.495085 0.998223 0.877490
2.000000 0.088672 0.261464 0.093652 0.113961
2.000000 0.238726 0.154621 0.063857 0.076928
2.000000 0.142417 0.201627 0.079814 0.059830
2.000000 0.262139 0.363314 0.091523 0.078340
2.000000 0.171680 0.826987 0.087266 0.088327
2.000000 0.434536 0.701634 0.051084 0.065516
