2.000000 0.842660 0.575015 0.125346 0.148994
2.000000 0.689529 0.537769 0.180915 0.155381
2.000000 0.805621 0.725068 0.179477 0.155371
2.000000 0.609039 0.850825 0.512824 0.298350
2.000000 0.567013 0.144546 0.121085 0.103232
2.000000 0.657477 0.317480 0.105412 0.076621
2.000000 0.681693 0.206270 0.139595 0.113867
2.000000 0.485817 0.319604 0.152418 0.102158
2.000000 0.400353 0.159976 0.155268 0.123447
2.000000 0.242229 0.320142 0.092588 0.088330
2.000000 0.117588 0.404209 0.099725 0.128770
0.000000 0.337673 0.608003 0.437333 0.553389
1.000000 0.691660 0.410063 0.441595 0.785381
1.000000 0.279268 0.224355 0.377490 0.371406
10.000000 0.495085 0.500518 0.877490 0.998223
2.000000 0.261464 0.088672 0.113961 0.093652
2.000000 0.154621 0.238726 0.076928 0.063857
2.000000 0.201627 0.142417 0.059830 0.079814
2.000000 0.363314 0.262139 0.078340 0.091523
2.000000 0.826987 0.171680 0.088327 0.087266
2.000000 0.701634 0.434536 0.065516 0.051084
