2.000000 0.157340 0.424985 0.125346 0.148994
2.000000 0.310471 0.462231 0.180915 0.155381
2.000000 0.194379 0.274932 0.179477 0.155371
2.000000 0.390961 0.149175 0.512824 0.298350
2.000000 0.432987 0.855454 0.121085 0.103232
2.000000 0.342523 0.682520 0.105412 0.076621
2.000000 0.318307 0.793730 0.139595 0.113867
2.000000 0.514183 0.680396 0.152418 0.102158
2.000000 0.599647 0.840024 0.155268 0.123447
2.000000 0.757771 0.679858 0.092588 0.088330
2.000000 0.882412 0.595791 0.099725 0.128770
0.000000 0.662327 0.391997 0.437333 0.553389
1.000000 0.308340 0.589937 0.441595 0.785381
1.000000 0.720732 0.775645 0.377490 0.371406
10.000000 0.504915 0.499482 0.877490 0.998223
2.000000 0.738536 0.911328 0.113961 0.093652
2.000000 0.845379 0.761274 0.076928 0.063857
2.000000 0.798373 0.857583 0.059830 0.079814
2.000000 0.636686 0.737861 0.078340 0.091523
2.000000 0.173013 0.828320 0.088327 0.087266
2.000000 0.298366 0.565464 0.065516 0.051084
