2.000000 0.389671 0.755625 0.119658 0.069800
2.000000 0.254983 0.544162 0.141167 0.102708
2.000000 0.125283 0.344092 0.118233 0.123933
2.000000 0.267167 0.419513 0.039883 0.069658
2.000000 0.314742 0.337608 0.072650 0.074217
11.000000 0.419446 0.504271 0.829058 0.814958
2.000000 0.130271 0.487892 0.074075 0.041450
2.000000 0.212892 0.468729 0.068383 0.113958
0.000000 0.568446 0.576283 0.482908 0.494300
1.000000 0.229417 0.549929 0.445867 0.680908
2.000000 0.528492 0.239246 0.525500 0.276358
2.000000 0.141667 0.637467 0.079767 0.192167
