2.000000 0.755625 0.389671 0.069800 0.119658
2.000000 0.544162 0.254983 0.102708 0.141167
2.000000 0.344092 0.125283 0.123933 0.118233
2.000000 0.419513 0.267167 0.069658 0.039883
2.000000 0.337608 0.314742 0.074217 0.072650
11.000000 0.504271 0.419446 0.814958 0.829058
2.000000 0.487892 0.130271 0.041450 0.074075
2.000000 0.468729 0.212892 0.113958 0.068383
0.000000 0.576283 0.568446 0.494300 0.482908
1.000000 0.549929 0.229417 0.680908 0.445867
2.000000 0.239246 0.528492 0.276358 0.525500
2.000000 0.637467 0.141667 0.192167 0.079767
