2.000000 0.244375 0.610329 0.069800 0.119658
2.000000 0.455838 0.745017 0.102708 0.141167
2.000000 0.655908 0.874717 0.123933 0.118233
2.000000 0.580487 0.732833 0.069658 0.039883
2.000000 0.662392 0.685258 0.074217 0.072650
11.000000 0.495729 0.580554 0.814958 0.829058
2.000000 0.512108 0.869729 0.041450 0.074075
2.000000 0.531271 0.787108 0.113958 0.068383
0.000000 0.423717 0.431554 0.494300 0.482908
1.000000 0.450071 0.770583 0.680908 0.445867
2.000000 0.760754 0.471508 0.276358 0.525500
2.000000 0.362533 0.858333 0.192167 0.079767
