2.000000 0.870727 0.475071 0.064113 0.046998
11.000000 0.545940 0.547719 0.807695 0.665248
2.000000 0.334406 0.591170 0.252145 0.199433
2.000000 0.775638 0.486466 0.040603 0.084043
2.000000 0.844016 0.558404 0.087606 0.056974
2.000000 0.824787 0.641738 0.061950 0.101135
2.000000 0.714743 0.675213 0.076933 0.042742
2.000000 0.565177 0.743587 0.042730 0.051288
2.000000 0.489317 0.805556 0.066223 0.095437
2.000000 0.809832 0.796294 0.070514 0.042730
2.000000 0.630346 0.510686 0.044876 0.044161
1.000000 0.699787 0.643162 0.487163 0.425922
1.000000 0.566241 0.355408 0.489326 0.280626
0.000000 0.404911 0.615384 0.427340 0.293440
