2.000000 0.475071 0.870727 0.046998 0.064113
11.000000 0.547719 0.545940 0.665248 0.807695
2.000000 0.591170 0.334406 0.199433 0.252145
2.000000 0.486466 0.775638 0.084043 0.040603
2.000000 0.558404 0.844016 0.056974 0.087606
2.000000 0.641738 0.824787 0.101135 0.061950
2.000000 0.675213 0.714743 0.042742 0.076933
2.000000 0.743587 0.565177 0.051288 0.042730
2.000000 0.805556 0.489317 0.095437 0.066223
2.000000 0.796294 0.809832 0.042730 0.070514
2.000000 0.510686 0.630346 0.044161 0.044876
1.000000 0.643162 0.699787 0.425922 0.487163
1.000000 0.355408 0.566241 0.280626 0.489326
0.000000 0.615384 0.404911 0.293440 0.427340
