2.000000 0.524929 0.129273 0.046998 0.064113
11.000000 0.452281 0.454060 0.665248 0.807695
2.000000 0.408830 0.665594 0.199433 0.252145
2.000000 0.513534 0.224362 0.084043 0.040603
2.000000 0.441596 0.155984 0.056974 0.087606
2.000000 0.358262 0.175213 0.101135 0.061950
2.000000 0.324787 0.285257 0.042742 0.076933
2.000000 0.256413 0.434823 0.051288 0.042730
2.000000 0.194444 0.510683 0.095437 0.066223
2.000000 0.203706 0.190168 0.042730 0.070514
2.000000 0.489314 0.369654 0.044161 0.044876
1.000000 0.356838 0.300213 0.425922 0.487163
1.000000 0.644592 0.433759 0.280626 0.489326
0.000000 0.384616 0.595089 0.293440 0.427340
