2.000000 0.129273 0.475071 0.064113 0.046998
11.000000 0.454060 0.547719 0.807695 0.665248
2.000000 0.665594 0.591170 0.252145 0.199433
2.000000 0.224362 0.486466 0.040603 0.084043
2.000000 0.155984 0.558404 0.087606 0.056974
2.000000 0.175213 0.641738 0.061950 0.101135
2.000000 0.285257 0.675213 0.076933 0.042742
2.000000 0.434823 0.743587 0.042730 0.051288
2.000000 0.510683 0.805556 0.066223 0.095437
2.000000 0.190168 0.796294 0.070514 0.042730
2.000000 0.369654 0.510686 0.044876 0.044161
1.000000 0.300213 0.643162 0.487163 0.425922
1.000000 0.433759 0.355408 0.489326 0.280626
0.000000 0.595089 0.615384 0.427340 0.293440
