1.000000 0.523194 0.679496 0.394101 0.309115
11.000000 0.510400 0.495037 0.478415 0.712236
0.000000 0.438873 0.427371 0.320196 0.531351
1.000000 0.607500 0.408145 0.242516 0.401695
2.000000 0.384886 0.368968 0.077680 0.109681
2.000000 0.664812 0.660283 0.048317 0.048428
2.000000 0.651560 0.718686 0.038840 0.056978
2.000000 0.608456 0.700160 0.039788 0.062678
2.000000 0.524616 0.737924 0.035049 0.061253
2.000000 0.560605 0.762838 0.080523 0.065528
2.000000 0.540711 0.650307 0.040735 0.065528
2.000000 0.485776 0.551302 0.035049 0.061278
2.000000 0.463979 0.646032 0.038840 0.062678
2.000000 0.401462 0.698022 0.033154 0.064103
2.000000 0.450719 0.750012 0.021797 0.048428
