1.000000 0.679496 0.523194 0.309115 0.394101
11.000000 0.495037 0.510400 0.712236 0.478415
0.000000 0.427371 0.438873 0.531351 0.320196
1.000000 0.408145 0.607500 0.401695 0.242516
2.000000 0.368968 0.384886 0.109681 0.077680
2.000000 0.660283 0.664812 0.048428 0.048317
2.000000 0.718686 0.651560 0.056978 0.038840
2.000000 0.700160 0.608456 0.062678 0.039788
2.000000 0.737924 0.524616 0.061253 0.035049
2.000000 0.762838 0.560605 0.065528 0.080523
2.000000 0.650307 0.540711 0.065528 0.040735
2.000000 0.551302 0.485776 0.061278 0.035049
2.000000 0.646032 0.463979 0.062678 0.038840
2.000000 0.698022 0.401462 0.064103 0.033154
2.000000 0.750012 0.450719 0.048428 0.021797
