1.000000 0.320504 0.476806 0.309115 0.394101
11.000000 0.504963 0.489600 0.712236 0.478415
0.000000 0.572629 0.561127 0.531351 0.320196
1.000000 0.591855 0.392500 0.401695 0.242516
2.000000 0.631032 0.615114 0.109681 0.077680
2.000000 0.339717 0.335188 0.048428 0.048317
2.000000 0.281314 0.348440 0.056978 0.038840
2.000000 0.299840 0.391544 0.062678 0.039788
2.000000 0.262076 0.475384 0.061253 0.035049
2.000000 0.237162 0.439395 0.065528 0.080523
2.000000 0.349693 0.459289 0.065528 0.040735
2.000000 0.448698 0.514224 0.061278 0.035049
2.000000 0.353968 0.536021 0.062678 0.038840
2.000000 0.301978 0.598538 0.064103 0.033154
2.000000 0.249988 0.549281 0.048428 0.021797
