11.000000 0.487936 0.496400 0.602557 0.589743
2.000000 0.614000 0.618900 0.051286 0.048429
2.000000 0.554886 0.364636 0.058400 0.064100
2.000000 0.592636 0.287707 0.065529 0.044157
2.000000 0.582664 0.506371 0.068386 0.028486
2.000000 0.714429 0.596821 0.047000 0.072643
2.000000 0.698757 0.448679 0.047000 0.047014
1.000000 0.673829 0.524179 0.190886 0.397443
1.000000 0.532093 0.377457 0.121071 0.280629
1.000000 0.385400 0.342550 0.197943 0.256414
0.000000 0.407450 0.543407 0.418814 0.475786
2.000000 0.403179 0.351807 0.142443 0.175214
2.000000 0.386079 0.258507 0.062671 0.062671
