11.000000 0.512064 0.503600 0.602557 0.589743
2.000000 0.386000 0.381100 0.051286 0.048429
2.000000 0.445114 0.635364 0.058400 0.064100
2.000000 0.407364 0.712293 0.065529 0.044157
2.000000 0.417336 0.493629 0.068386 0.028486
2.000000 0.285571 0.403179 0.047000 0.072643
2.000000 0.301243 0.551321 0.047000 0.047014
1.000000 0.326171 0.475821 0.190886 0.397443
1.000000 0.467907 0.622543 0.121071 0.280629
1.000000 0.614600 0.657450 0.197943 0.256414
0.000000 0.592550 0.456593 0.418814 0.475786
2.000000 0.596821 0.648193 0.142443 0.175214
2.000000 0.613921 0.741493 0.062671 0.062671
