11.000000 0.503600 0.487936 0.589743 0.602557
2.000000 0.381100 0.614000 0.048429 0.051286
2.000000 0.635364 0.554886 0.064100 0.058400
2.000000 0.712293 0.592636 0.044157 0.065529
2.000000 0.493629 0.582664 0.028486 0.068386
2.000000 0.403179 0.714429 0.072643 0.047000
2.000000 0.551321 0.698757 0.047014 0.047000
1.000000 0.475821 0.673829 0.397443 0.190886
1.000000 0.622543 0.532093 0.280629 0.121071
1.000000 0.657450 0.385400 0.256414 0.197943
0.000000 0.456593 0.407450 0.475786 0.418814
2.000000 0.648193 0.403179 0.175214 0.142443
2.000000 0.741493 0.386079 0.062671 0.062671
