2.000000 0.352084 0.608263 0.107293 0.064103
11.000000 0.511459 0.464388 0.788543 0.878916
0.000000 0.382291 0.351853 0.444793 0.397436
1.000000 0.720313 0.510684 0.343750 0.623932
1.000000 0.357812 0.680913 0.377085 0.440171
2.000000 0.688020 0.697294 0.062500 0.216523
2.000000 0.768229 0.358262 0.104168 0.108263
2.000000 0.441666 0.648860 0.098957 0.039887
2.000000 0.750000 0.457265 0.055210 0.081197
1.000000 0.402604 0.222222 0.472917 0.371795
2.000000 0.670312 0.368945 0.158335 0.095443
2.000000 0.734896 0.252850 0.054167 0.088318
2.000000 0.759896 0.653133 0.070832 0.133904
2.000000 0.468750 0.503561 0.144790 0.091169
