2.000000 0.608263 0.352084 0.064103 0.107293
11.000000 0.464388 0.511459 0.878916 0.788543
0.000000 0.351853 0.382291 0.397436 0.444793
1.000000 0.510684 0.720313 0.623932 0.343750
1.000000 0.680913 0.357812 0.440171 0.377085
2.000000 0.697294 0.688020 0.216523 0.062500
2.000000 0.358262 0.768229 0.108263 0.104168
2.000000 0.648860 0.441666 0.039887 0.098957
2.000000 0.457265 0.750000 0.081197 0.055210
1.000000 0.222222 0.402604 0.371795 0.472917
2.000000 0.368945 0.670312 0.095443 0.158335
2.000000 0.252850 0.734896 0.088318 0.054167
2.000000 0.653133 0.759896 0.133904 0.070832
2.000000 0.503561 0.468750 0.091169 0.144790
