2.000000 0.391737 0.647916 0.064103 0.107293
11.000000 0.535612 0.488541 0.878916 0.788543
0.000000 0.648147 0.617709 0.397436 0.444793
1.000000 0.489316 0.279687 0.623932 0.343750
1.000000 0.319087 0.642188 0.440171 0.377085
2.000000 0.302706 0.311980 0.216523 0.062500
2.000000 0.641738 0.231771 0.108263 0.104168
2.000000 0.351140 0.558334 0.039887 0.098957
2.000000 0.542735 0.250000 0.081197 0.055210
1.000000 0.777778 0.597396 0.371795 0.472917
2.000000 0.631055 0.329688 0.095443 0.158335
2.000000 0.747150 0.265104 0.088318 0.054167
2.000000 0.346867 0.240104 0.133904 0.070832
2.000000 0.496439 0.531250 0.091169 0.144790
