2.000000 0.604569 0.218624 0.105538 0.195150
2.000000 0.587450 0.815487 0.105550 0.121086
2.000000 0.822313 0.612491 0.111250 0.159551
11.000000 0.480006 0.513493 0.835813 0.972940
0.000000 0.352113 0.504934 0.502050 0.935899
1.000000 0.317413 0.500665 0.411725 0.930206
1.000000 0.690144 0.515627 0.356563 0.962978
2.000000 0.582700 0.723605 0.059900 0.062678
2.000000 0.666375 0.079728 0.075125 0.062678
2.000000 0.672081 0.439419 0.075112 0.163820
2.000000 0.776669 0.376742 0.122662 0.115393
2.000000 0.691094 0.705084 0.103637 0.071217
