2.000000 0.218624 0.604569 0.195150 0.105538
2.000000 0.815487 0.587450 0.121086 0.105550
2.000000 0.612491 0.822313 0.159551 0.111250
11.000000 0.513493 0.480006 0.972940 0.835813
0.000000 0.504934 0.352113 0.935899 0.502050
1.000000 0.500665 0.317413 0.930206 0.411725
1.000000 0.515627 0.690144 0.962978 0.356563
2.000000 0.723605 0.582700 0.062678 0.059900
2.000000 0.079728 0.666375 0.062678 0.075125
2.000000 0.439419 0.672081 0.163820 0.075112
2.000000 0.376742 0.776669 0.115393 0.122662
2.000000 0.705084 0.691094 0.071217 0.103637
