2.000000 0.781376 0.395431 0.195150 0.105538
2.000000 0.184513 0.412550 0.121086 0.105550
2.000000 0.387509 0.177687 0.159551 0.111250
11.000000 0.486507 0.519994 0.972940 0.835813
0.000000 0.495066 0.647887 0.935899 0.502050
1.000000 0.499335 0.682587 0.930206 0.411725
1.000000 0.484373 0.309856 0.962978 0.356563
2.000000 0.276395 0.417300 0.062678 0.059900
2.000000 0.920272 0.333625 0.062678 0.075125
2.000000 0.560581 0.327919 0.163820 0.075112
2.000000 0.623258 0.223331 0.115393 0.122662
2.000000 0.294916 0.308906 0.071217 0.103637
