2 0.424985 0.842660 0.148994 0.125346
2 0.462231 0.689529 0.155381 0.180915
2 0.274932 0.805621 0.155371 0.179477
2 0.149175 0.609039 0.298350 0.512824
2 0.855454 0.567013 0.103232 0.121085
2 0.682520 0.657477 0.076621 0.105412
2 0.793730 0.681693 0.113867 0.139595
2 0.680396 0.485817 0.102158 0.152418
2 0.840024 0.400353 0.123447 0.155268
2 0.679858 0.242229 0.088330 0.092588
2 0.595791 0.117588 0.128770 0.099725
0 0.391997 0.337673 0.553389 0.437333
1 0.589937 0.691660 0.785381 0.441595
1 0.775645 0.279268 0.371406 0.377490
10 0.499482 0.495085 0.998223 0.877490
2 0.911328 0.261464 0.093652 0.113961
2 0.761274 0.154621 0.063857 0.076928
2 0.857583 0.201627 0.079814 0.059830
2 0.737861 0.363314 0.091523 0.078340
2 0.828320 0.826987 0.087266 0.088327
2 0.565464 0.701634 0.051084 0.065516
